0.18044408401783127, 0.08003534600506884, 0.07132527159185227, 0.06925561032099731, 0.06355040138450714, 0.054600514000307465, 0.05060116342911645, 0.048959170296333704, 0.044585820755090946, 0.04103788114912711, 0.04007609116371844, 0.039716228706859265, 0.03920431391958081, 0.0349434147568988, 0.03001126927948521, 0.029572297413686544, 0.028371096859252955, 0.027009148086111927, 0.026700876864173523
0.2324355164432983, 0.13741266500391688, 0.06585614463816684, 0.06542419862127719, 0.05640577883861138, 0.05025319789533659, 0.048123146369544956, 0.038529664250966426, 0.0378724199016589, 0.03453858404498168, 0.033865481325855686, 0.033247462933875434, 0.0293989637599382, 0.02717890474768976, 0.026857119104251398, 0.024387784070758128, 0.02193775361273238, 0.019349412217437315, 0.016925802219702444
0.35824533739139897, 0.11118801223790252, 0.08600960570094608, 0.05651604349460234, 0.05315200866793793, 0.04862970398469817, 0.035502492242238615, 0.02999824120453984, 0.0287763306544313, 0.02676687631557007, 0.026188366115501228, 0.02576015192784128, 0.024110893448466376, 0.01981073000333165, 0.016415360595161643, 0.01570662449404633, 0.014233971663962553, 0.013287967523354309, 0.00970128233406901
0.4530854450178747, 0.08651552960357714, 0.04851459773063689, 0.04271826315734816, 0.04010765254111637, 0.03770081613578658, 0.036706142299609106, 0.03519973750377205, 0.0333481997456478, 0.02974892876988608, 0.02392159018924315, 0.023277630198091197, 0.022645900571523624, 0.02027186638422957, 0.01721790344340502, 0.015023928057790396, 0.012642121091047526, 0.011376859227876537, 0.009976888331538154
0.4707768263476867, 0.177784147699331, 0.07255980389989002, 0.04066685997235611, 0.02842944121666457, 0.0278654790468021, 0.025394773178451766, 0.02022955928956689, 0.018718065916171603, 0.01687175545142316, 0.015277130176435266, 0.01503965564714939, 0.013814651627565755, 0.013449717166040638, 0.011144239832006145, 0.010075156932405934, 0.009048172322972952, 0.006548928349780334, 0.0063056359272995865
0.4105293266635493, 0.09500924992511142, 0.05429000501712184, 0.04883964418442246, 0.04148906826035022, 0.03973592088664965, 0.037408063244394864, 0.03727533862234787, 0.03559393210827707, 0.0335115065894417, 0.027494566851351588, 0.02738564134637421, 0.02698043122191161, 0.025907297244928493, 0.01733634802732183, 0.01325931410081247, 0.010990135253511012, 0.010043910595636875, 0.006920299856485667
0.697431233893402, 0.030235995585067486, 0.030084232998340944, 0.025641938632663376, 0.02412351034051669, 0.023066812804613524, 0.020885722184057345, 0.018635550797933696, 0.01822620854439528, 0.017487766511741394, 0.013491425353719314, 0.012638276475695218, 0.011274345069206129, 0.010820365935119458, 0.010093598181848264, 0.009255155857201327, 0.009253465086747431, 0.009230684250935319, 0.008123711496795733
0.17628963174985418, 0.07755311698589591, 0.07253870348574694, 0.06699005192644802, 0.06504985238915145, 0.06332070390133654, 0.05540675201333171, 0.04929796686566711, 0.04318736167391299, 0.04212359645322389, 0.040923105058183286, 0.03920820344910308, 0.03727594025239369, 0.03252753551177803, 0.03121758066994032, 0.029489748062918583, 0.028094387530381973, 0.02606302872479585, 0.02344273329593644
0.16311458620908362, 0.07648871204969195, 0.07317376507214621, 0.068845406740745, 0.06353697679305904, 0.057393518414221134, 0.054173977471630726, 0.051721336101605044, 0.04984134119276611, 0.04829105157686166, 0.04144483926251796, 0.040136306749445634, 0.03701754874768099, 0.03646324533675122, 0.0344632639009464, 0.031177266952395553, 0.02996074412430508, 0.022303458692076714, 0.020452654612069965
0.5167064367144478, 0.04813402598424549, 0.044305199790114935, 0.043695512945543455, 0.041918171119876356, 0.0355429864356637, 0.032851755754143876, 0.031305808044305265, 0.02881357164254031, 0.02792708911536441, 0.02228988327829928, 0.021849423929664925, 0.021253151361848212, 0.018493187072327045, 0.015942464790156385, 0.015791383328388905, 0.012767360244031916, 0.0106796776061394, 0.009732910842898327
0.4391136897174808, 0.05776263105352204, 0.04983537371530179, 0.048938294561404846, 0.04859892142255874, 0.046214111553863804, 0.03939002066651138, 0.03072819485484664, 0.030046576942112973, 0.029650355996639042, 0.026987170279234553, 0.0266895035365775, 0.021422729311923978, 0.020263876848408056, 0.019676675051270826, 0.018708793021718358, 0.01778562542544836, 0.01618845012687262, 0.011999005914303711
0.3336007986825955, 0.16185184057572197, 0.0881777082332688, 0.07578542706509302, 0.05939925316817015, 0.047209565826168386, 0.02679440377601824, 0.025591537652276345, 0.022464710489200776, 0.02132408277964755, 0.021054021411983707, 0.019630368917232185, 0.01934868472458507, 0.018296931802031912, 0.013517569811610763, 0.0134376712432552, 0.011669419906315709, 0.011231087551804918, 0.009614916383019879
0.41271779365272004, 0.051304025266672666, 0.04887508941467353, 0.048613922962804895, 0.046612019653319486, 0.045777928039738895, 0.0454675082616957, 0.03609259058943377, 0.03395265551117824, 0.031782825333436134, 0.03126290589562171, 0.03058182638880637, 0.02494571271318049, 0.023446330611423493, 0.02058588300055063, 0.019447868944899284, 0.017367274549010617, 0.016208554510283402, 0.014957284700550702
0.20728389839223685, 0.10070232568109501, 0.0822503978277063, 0.06298136995442304, 0.06239205803755544, 0.056068415252099886, 0.05095183868916936, 0.04140858751461532, 0.04121148685193186, 0.03855493261509428, 0.03671331465993974, 0.03622588119645748, 0.03353828661072591, 0.027689178811141694, 0.02740523105006651, 0.02678442909670951, 0.024529091469742862, 0.022623285327906938, 0.020685990961382034
0.6811856669787416, 0.05565210956978185, 0.040710824330218554, 0.02481520886518772, 0.023289929699310943, 0.02323818105628344, 0.0186773651831294, 0.016553751445025588, 0.016402677645393555, 0.016086101044013958, 0.015995027286009662, 0.012380204346216162, 0.010401759778833923, 0.010126902039557488, 0.009232863689585088, 0.008997100509234818, 0.007078649923183549, 0.00586347298897597, 0.003312203621316924
0.550156811451317, 0.05483308121054771, 0.04404258673947851, 0.03419884244593149, 0.03340238548501263, 0.03192656770404429, 0.029613913951931418, 0.029471393215014397, 0.025605629686134324, 0.021947285708029483, 0.020979337618741132, 0.020054058295977423, 0.018785461931870057, 0.01661978257333533, 0.01620385822434435, 0.014717528101560112, 0.01308340408374938, 0.012824859974594413, 0.011533211598386498
0.3867003984524412, 0.279191099312581, 0.03800690089139866, 0.028554381865744542, 0.02742627707684625, 0.026912627506830104, 0.026330538026418975, 0.02528686822356792, 0.022151395896416234, 0.018401368928980977, 0.01825320703482584, 0.017673749395673715, 0.017316073866436407, 0.01260664984104187, 0.012593970480066745, 0.012080861310063019, 0.011532439089583011, 0.010344373066009093, 0.008636819735074299
0.4653437903344477, 0.09997222742598998, 0.0750667501832737, 0.07454621585311857, 0.041205005371322496, 0.0324350574361441, 0.0317926565285712, 0.026274215028515187, 0.02600981954154975, 0.020291489391640504, 0.019275359018322266, 0.018580248389817467, 0.017963430717751094, 0.012812418926135738, 0.01056934253918526, 0.008725438980111726, 0.00815411556084142, 0.007635501974144446, 0.003346916799117269
0.2865206085356931, 0.2106035480331653, 0.0700669840211062, 0.04639602161186104, 0.04439444495233105, 0.03582156704434689, 0.03579243999234232, 0.03539703228258676, 0.03288377215788632, 0.03229030001308957, 0.03200709044847175, 0.02311366501657746, 0.020815567259897038, 0.019933086269141472, 0.01871085269634131, 0.016788672992889424, 0.014589638955915214, 0.012393482618957324, 0.011481225097400398
0.153107816161724, 0.08148264729595395, 0.07970190086410296, 0.07577080508182919, 0.07557078856188472, 0.05693019341098247, 0.054642970311429964, 0.0504510505773254, 0.049579597825295224, 0.046732832071594683, 0.046420582533734024, 0.032659436765909586, 0.030392263585872915, 0.030316759092200836, 0.029746629415889958, 0.029115255549778455, 0.028859773535092715, 0.027298301478402676, 0.021220395880996334
