0.14403688477483315, 0.11342312172260816, 0.09906445960872313, 0.09426300479600301, 0.07389739390152286, 0.07045832283771487, 0.0695281040506847, 0.056105722453109685, 0.04319720650829532, 0.04046911688291138, 0.03194617555831825, 0.029650190335199313, 0.029576653657446807, 0.02587901898328717, 0.023212932312413736, 0.019664506441205213, 0.015786246941842077, 0.010344391482383884, 0.00949654675149729
0.234239418020427, 0.11358550228581368, 0.08537456105055141, 0.060710287606793166, 0.05791405296756535, 0.05691598978091944, 0.05376565158523236, 0.05357266480238755, 0.045921867187470565, 0.04225295689152335, 0.04138382721971143, 0.02625175638141744, 0.02567300121133836, 0.025416748983101315, 0.02477916711375535, 0.015766366719859076, 0.013295773782965608, 0.011918716230607017, 0.011261690178560537
0.38309388940361383, 0.0992277520199645, 0.08459733703807709, 0.0671626766627262, 0.05056683241989461, 0.03968468953859576, 0.03447115218102165, 0.03321092900369136, 0.02911633317014376, 0.025167344052583692, 0.024807737596411653, 0.020931686034006837, 0.018126115443573666, 0.01635586756668966, 0.016220536718765572, 0.016052883925342515, 0.01572878799514186, 0.014498181851774317, 0.01097926737798147
0.4823402538934412, 0.069434435582198, 0.06061109058099498, 0.05173864361671846, 0.045589231420168616, 0.04420416513564759, 0.03616789560694039, 0.03051752159325457, 0.025882032613730004, 0.02300414396354561, 0.0211310681011203, 0.016981997943731942, 0.01483620462701492, 0.014317860193906976, 0.01420833332535574, 0.01390741758184108, 0.011961060268667542, 0.011909627419747059, 0.011257016531975042
0.46697341331029923, 0.2091478566575366, 0.0656139685539532, 0.051055292220886984, 0.030789043079269645, 0.030700161704964892, 0.025109781493442007, 0.02020125347693133, 0.012382793644518117, 0.011971849497083457, 0.011662599373005206, 0.011027414538405623, 0.01064998182353764, 0.010550483547423972, 0.010538955101249144, 0.00819409187991206, 0.007676333906923302, 0.004403547900803885, 0.0013511782898536814
0.4224463536907641, 0.10316144555096836, 0.044544979607670405, 0.0427424237916501, 0.03925360183538205, 0.038756086233162075, 0.03634362836104156, 0.03234121871240873, 0.03210280816345184, 0.03164727583200089, 0.030037264331213297, 0.02990238032761985, 0.027657934886079292, 0.02511566449763371, 0.01718642116543343, 0.015410919471741967, 0.014687459319895915, 0.01341896960521692, 0.003243164616665519
0.7058634786060528, 0.06347979962584642, 0.03393344050536784, 0.03163870466299668, 0.02560589352086921, 0.02220694629136341, 0.020363669675447803, 0.015728496470338485, 0.015554060432466384, 0.012360368679375032, 0.010825387917622597, 0.009846161214345407, 0.008965640294580437, 0.007278209140180808, 0.00622547096565214, 0.005758610663558807, 0.0021240176942841876, 0.001192397493009593, 0.0010492461466419312
0.18145530586691616, 0.0816746496056213, 0.07869044160082912, 0.07691372097407218, 0.07679906507444736, 0.05890507980176277, 0.05433328204434123, 0.047219824382034606, 0.04647040267893413, 0.042457297586256326, 0.04128022225672542, 0.03774682714474174, 0.03468793038165106, 0.02772887676226089, 0.0261997203780951, 0.025746923691589593, 0.024323900533532918, 0.01952867263836417, 0.01783785659782392
0.14820661500245905, 0.09560838814837408, 0.07450911718208447, 0.07295950578804991, 0.06912062577243841, 0.06760615481639057, 0.06081964367510212, 0.048270705742769454, 0.046534629964628954, 0.04629964468321452, 0.04388459224795727, 0.0398018949910869, 0.03752863044830659, 0.03357984219400039, 0.027232530307128553, 0.026965320017939776, 0.022546202460998973, 0.021914896702024116, 0.016611059855045882
0.5563481790806529, 0.0688256089568062, 0.044755910677395795, 0.04254483809560991, 0.04070705770318567, 0.03864119663461046, 0.03567787015051453, 0.03541728015080417, 0.026850068180928142, 0.02507286941716348, 0.01875064312795334, 0.016463933147079526, 0.014327889715097845, 0.010085592660133202, 0.010006086475469541, 0.006052614592064444, 0.004352563446332974, 0.0037492305775363595, 0.00137056721066154
0.486756028457617, 0.062091521739568424, 0.055577697419810765, 0.05399087913038228, 0.045242341206765804, 0.040631914991432254, 0.0320421825135585, 0.030651577799197173, 0.02978409409663326, 0.024786334305214583, 0.024065861881896654, 0.02112420065641483, 0.019725983675706934, 0.017981740796379733, 0.015754542532058498, 0.012624728108755609, 0.01185449711401708, 0.010951149087390739, 0.004362724487199876
0.32019012268981967, 0.17230066168072475, 0.08157947605282383, 0.05821141456435765, 0.05532222042118241, 0.05228219435511399, 0.03435111047328262, 0.03212638023210073, 0.030867777738698556, 0.027396705780537076, 0.027352703197058556, 0.020924782432193954, 0.020112155525789932, 0.01790996416290693, 0.016171969287102506, 0.014811928877049248, 0.0072232926119926814, 0.006789799058907883, 0.004075340858357062
0.4424202086596868, 0.06300942023371829, 0.05484444748378539, 0.05188724237716682, 0.04839902540800139, 0.046028823467774996, 0.03996630417696449, 0.035630154549605095, 0.03393336323651746, 0.03379901812349402, 0.031871058348589075, 0.02973473986730631, 0.02365501562080841, 0.022073969170709987, 0.01636606094597832, 0.00859958331660345, 0.00799094206406529, 0.005746224094124201, 0.0040443988551002
0.22168999008359336, 0.08480387749114392, 0.06682768524988575, 0.05875445367004075, 0.05738970613355186, 0.055572258584337904, 0.05374530929049018, 0.05320072736579075, 0.04938643254467167, 0.04372656550661337, 0.04293554630000001, 0.036659207559275306, 0.03227055564677251, 0.030654704756124647, 0.027609538313320345, 0.027280224473401456, 0.025706589540463582, 0.01855736436280477, 0.013229263127717886
0.6934750310176017, 0.07575069433278933, 0.041523344836451016, 0.03188434451696454, 0.02959128390650337, 0.019040626800456376, 0.018155532773942638, 0.017814691771736675, 0.013019022185557035, 0.012053848511649956, 0.011689412494660973, 0.009704543996360494, 0.00754961682705886, 0.007226788318064872, 0.005309476822705009, 0.003114546012716888, 0.00206479658318688, 0.00103239829159344, 0.0
0.5520301006756859, 0.07140130457787537, 0.044810483581831866, 0.03876518355382454, 0.03580733041648694, 0.03117158766356213, 0.026580444715023136, 0.026410052581208425, 0.025665822123905235, 0.02043838774044218, 0.01896367352424643, 0.017117522713877592, 0.016787296767286446, 0.014801722042618811, 0.014071398907271463, 0.013772428964048065, 0.013130436731798695, 0.012673382433912077, 0.005601440285094693
0.3684114721373014, 0.2909501051539968, 0.04941329150294597, 0.038219497616352224, 0.028277528541779947, 0.027940382704244985, 0.023128314558634032, 0.022337010333804648, 0.019527190332728813, 0.0194888277705352, 0.014716561930114034, 0.01430842163336508, 0.014122951500355738, 0.013209301332050904, 0.012617028155109391, 0.011990863916086445, 0.011839874407714255, 0.011795302892843586, 0.0077060735800365595
0.4710196959638009, 0.1172098027857712, 0.07485285638871077, 0.05249282952650544, 0.03140775329598764, 0.029167190985079038, 0.027686574781733565, 0.025259632337626698, 0.02478266427242145, 0.02471475978526723, 0.021889854070322446, 0.018024987627492644, 0.015434096689061757, 0.01489584869316347, 0.01441404117606725, 0.014074401836358597, 0.011164936534394786, 0.006372278227854974, 0.0051357950223801805
0.3397408583315752, 0.1941191764319546, 0.09550653580650642, 0.056610801738367474, 0.04730664563926936, 0.035714002257755596, 0.034117338318295894, 0.029331989662567903, 0.025028190902845825, 0.024662349146243268, 0.02462157349689914, 0.021175561549681237, 0.021143715767543474, 0.013379119284013901, 0.008682124226025233, 0.00866515695219573, 0.00850935977276946, 0.008149158209211665, 0.003536342506278654
0.14931677621853628, 0.10723991085513629, 0.08914573566983591, 0.08555446373613172, 0.07651261369117085, 0.054965981931567855, 0.045966787963126615, 0.045665111610564475, 0.04283390027389192, 0.04145934047041052, 0.04092118680511238, 0.0379643615194738, 0.03675362767354411, 0.03354934133892207, 0.03194264365594559, 0.025063412511437354, 0.02346431101652193, 0.018984869290043567, 0.01269562376862678
