0.10144012603812273, 0.09482929476731222, 0.07650694309775222, 0.07054380549400513, 0.0697907021067447, 0.062165687864854255, 0.06073478664118436, 0.05884994626964735, 0.05745126466402404, 0.054439124174116775, 0.05204504699302419, 0.04611150098185824, 0.04051759596022517, 0.03721833826092392, 0.03453525427960974, 0.02428412185164121, 0.023043929439982215, 0.020777498029960068, 0.014715033085011507
0.23971565204679807, 0.10837056152179556, 0.0934957819381196, 0.06628383327164479, 0.06617783115120925, 0.04918885501919463, 0.04553435993976428, 0.04493539440545652, 0.0374996271774203, 0.03607328782092591, 0.03362534210062966, 0.0323022619516126, 0.028953003117740635, 0.02869585090234441, 0.02562729800017936, 0.025385685425685426, 0.016581823851185597, 0.011123122814822431, 0.010430427543471017
0.324907547778928, 0.10910233712035758, 0.10764052372008591, 0.048478312416232724, 0.0481283173221719, 0.04624352304030628, 0.04459614367481047, 0.04220600174363934, 0.03565363862047018, 0.035159808916817, 0.028006297648434215, 0.026882407710827148, 0.023422655336562813, 0.02169816305271169, 0.018182243101618055, 0.01227861799862616, 0.009974707622497301, 0.00933024831150684, 0.00810850486339639
0.40784838471961377, 0.08617002058998761, 0.06068786416578807, 0.052805573280354894, 0.04915847044971929, 0.04885267878863064, 0.046002274254118104, 0.039174996061213704, 0.0355577626863531, 0.034325171858681974, 0.034288618328150715, 0.025306463726146058, 0.019701204281046707, 0.01762112845487472, 0.015519075420607134, 0.012198137895348873, 0.007851437888113849, 0.0038710620011283238, 0.003059675150122345
0.4477496057286254, 0.19515875097145677, 0.09707580797394055, 0.03710757055251282, 0.02996455240176866, 0.024404784221687865, 0.024045303381085147, 0.024015468472349876, 0.019344552655660912, 0.016109238086153096, 0.014856508421041484, 0.01365625912860976, 0.013402583147225514, 0.012506189158864908, 0.007760863260659379, 0.007469075559316897, 0.006593696849984799, 0.00446116443044803, 0.004318025598608254
0.4342396859343667, 0.1262861848556217, 0.07230912222334239, 0.053000118990417115, 0.04747340565458265, 0.03522056064820575, 0.03171970101879458, 0.029733091188583163, 0.028262002344889483, 0.0278605751861647, 0.01920201558060164, 0.018052726060683387, 0.017567295090230858, 0.017524273143071124, 0.017262479999693645, 0.01709548773637896, 0.005313210474229013, 0.0018780638701431914, 0.0
0.716365865088094, 0.04004678204983356, 0.0364809406633397, 0.02500773897824356, 0.024211138417505856, 0.023253402737212714, 0.021847230277260505, 0.01719637867093275, 0.015660585695871997, 0.015249225442913562, 0.013336433486091811, 0.01294939903125925, 0.011346005836684984, 0.009304616101100734, 0.007513538884626424, 0.004924003489371251, 0.002472170908386661, 0.0022066531026359816, 0.0006278911386347318
0.1437160529378203, 0.0841056739222506, 0.08336367511097999, 0.07205232279545477, 0.06634160060605274, 0.06349239322851866, 0.053135178982574686, 0.050665327275084035, 0.04845251343048126, 0.04578723134457324, 0.044401968652631144, 0.03892900013234945, 0.03828954768254998, 0.03665471014945345, 0.03476477368001736, 0.03148778942363508, 0.028134202933411796, 0.023183413396590847, 0.013042624315570467
0.1436469756916338, 0.07899810656798717, 0.0751051146787081, 0.07439791574353839, 0.05823785741090114, 0.05038354800841835, 0.04828189820912497, 0.04803145017008195, 0.04643772408646195, 0.04479178390674333, 0.04418105077139878, 0.04416012505366699, 0.043756071361911016, 0.04243101896321434, 0.036317699221800594, 0.03595499466021919, 0.03241627760181127, 0.032126514301266375, 0.020343873591112217
0.4776242133482731, 0.053177038285599276, 0.04959606083489194, 0.046337902858564574, 0.04580906237816864, 0.03599356880134515, 0.03503303441193112, 0.031617168424018315, 0.03058951925310847, 0.029872385106782997, 0.0286007107976747, 0.027623448967270762, 0.02399906857851176, 0.018482309371018107, 0.01818912773983543, 0.0163270102318918, 0.012260750759218066, 0.010373269458967313, 0.008494350392928642
0.4792208321305943, 0.07297212712389191, 0.055364755665679666, 0.052493807140567256, 0.05030206212433619, 0.048665711641171214, 0.037074468730552416, 0.03564770504181446, 0.028298415059013468, 0.020519352568548324, 0.016987464783100377, 0.016150746700641774, 0.015606481959158178, 0.015024124167651299, 0.014991352166320634, 0.012351638190520821, 0.010763069521206552, 0.009994002677073092, 0.00757188260815804
0.31298104948669386, 0.19199506202381253, 0.10562952038310058, 0.08264506774044623, 0.05913449540077835, 0.05088944718177419, 0.03660575980800394, 0.0307348781878506, 0.01918919999952541, 0.016281410913542932, 0.016193992499675066, 0.015844451515964288, 0.01334014960471464, 0.01203367423450571, 0.011670177634336596, 0.010573885016234682, 0.009717189255403075, 0.004495105250163511, 4.548386347374956e-05
0.43055836303273615, 0.07245410861642011, 0.05038804511186093, 0.04273624799329122, 0.04175991564400004, 0.038895459289901055, 0.037797073276526864, 0.03630576661578776, 0.03493414169446556, 0.0330783676131056, 0.03239442565841207, 0.03139892708473672, 0.028709167491996285, 0.025819629034489144, 0.019557168188842178, 0.018682668752125157, 0.01170154782546532, 0.009624924757899141, 0.003204052317938615
0.24540299645874783, 0.0782739651055742, 0.07153632335614538, 0.060084014063736, 0.05599212646389001, 0.05365532369668923, 0.05078823849322038, 0.04822062872859092, 0.04541213456538907, 0.04213476888748569, 0.04135839620307261, 0.03932308766161516, 0.03416155878561874, 0.028093409948879447, 0.025329868404654152, 0.02487900559225855, 0.02316588004514765, 0.02163945637536153, 0.010548817163923443
0.7029670722791327, 0.07545950271201152, 0.035232204805635915, 0.027763252504954594, 0.02574689236150425, 0.02312850469367825, 0.016899177571121034, 0.01640368742013894, 0.01586886039198689, 0.015023919441089025, 0.010366052352450719, 0.01013569040008992, 0.008636360018904938, 0.007687594210713362, 0.0036607591479587455, 0.003137793555393212, 0.0010982277443876212, 0.0007844483888483039, 0.0
0.5531073303551087, 0.07264546125906315, 0.05352184125668529, 0.038945241948666325, 0.030633026843487794, 0.02908660942796222, 0.0276906822980707, 0.02627761400341525, 0.02274604436275808, 0.022217759943247043, 0.021568151981746372, 0.019297683563108483, 0.015224005142248608, 0.015152294999890544, 0.013492257758388092, 0.012854868006994131, 0.00921103454070864, 0.00837655127336385, 0.007951541035086744
0.37592484151364236, 0.2586339804527729, 0.0487194045131446, 0.03697187053381823, 0.02822522034566804, 0.02777325666842809, 0.027220738439795434, 0.026103516311716764, 0.023809996615125208, 0.023607931145599843, 0.021058541771834114, 0.019385158487058594, 0.018353368100544887, 0.017681582738810757, 0.012035361609962955, 0.01010051603936762, 0.009432010032122639, 0.007792025101308974, 0.007170679579278055
0.4944240124022105, 0.1115906991564319, 0.08125325939643924, 0.07830367361566122, 0.03647380389158715, 0.03283967385108514, 0.03228129459591517, 0.025078306475865633, 0.020200848523195626, 0.017194350714053765, 0.015193339734887092, 0.012119527457980069, 0.010929845742042638, 0.0076700431144190746, 0.007523532657429539, 0.007155094747104516, 0.007045760875534393, 0.0027229330481572844, 0.0
0.27893903414176113, 0.20768030575620974, 0.05906014973959708, 0.05349994758570058, 0.050786630725584286, 0.04684907701153221, 0.04283324972657175, 0.03751534952187407, 0.029579444509129003, 0.02826020578392696, 0.02730528312902657, 0.026913308370996446, 0.020729054079628374, 0.020564407361630514, 0.019293311224537577, 0.014884692312839913, 0.014516784985615077, 0.012786070792148158, 0.008003693241690448
0.1298346606696841, 0.08162538082846434, 0.07439778065570009, 0.07200695615640078, 0.06973644137967736, 0.06602829426769363, 0.06514090262313742, 0.058826089150359154, 0.04895692883082148, 0.047530001838106184, 0.04518649065089453, 0.040145517442421064, 0.038677289532307854, 0.03566895996632294, 0.027665410093113654, 0.027581700018905718, 0.02734558868872654, 0.0242445464772692, 0.019401060729994004
