0.18830410447285734, 0.07633629029456633, 0.07574117335191659, 0.07373986154480672, 0.05790270664014047, 0.05574478395809573, 0.05130903878492474, 0.05067340382465081, 0.04957366583892808, 0.04427958998214664, 0.03973717895022267, 0.03816171167267189, 0.03702593910820903, 0.031689918311592895, 0.029481272790126772, 0.0294054213302037, 0.027715918044824175, 0.024579562197834928, 0.018598458901280496
0.2880177410797581, 0.10558791628353625, 0.0634407148937071, 0.05795292444316369, 0.04890875317403978, 0.044483348072744816, 0.04309375380297654, 0.04271172379532449, 0.0399689546801526, 0.038550667352537864, 0.037746317620329047, 0.033416572159559066, 0.02944750327023013, 0.026889674989254927, 0.021469114164784565, 0.02137324408954396, 0.020662456759984828, 0.01951512545657775, 0.016763493911794516
0.40998610159102405, 0.12041060709961218, 0.07857747104660251, 0.04753020032665226, 0.04285764779698808, 0.04064511157164858, 0.030939977738207565, 0.03020645087352686, 0.025120533260263533, 0.022902540324001876, 0.022853221483811862, 0.021639543761198726, 0.016696152012819612, 0.016587877617175287, 0.016577778111284802, 0.01609491254587223, 0.015543588708099297, 0.014846345621091968, 0.009983938510118707
0.5480678340018375, 0.08124825644828342, 0.037570692504378785, 0.035328410441726625, 0.033613088249944495, 0.031437282407624625, 0.029388048868425956, 0.027635303529447895, 0.025245662811305813, 0.0218005921592924, 0.020613143049556717, 0.01829219679105722, 0.016368551384826787, 0.014794001004407345, 0.014328906562980546, 0.013339830985112218, 0.012380656902925913, 0.009360325088308273, 0.009187216808557509
0.534488704295991, 0.1975559174768205, 0.06245731666191029, 0.02287031688409961, 0.018573558741731954, 0.01754142023129969, 0.017510145109677876, 0.016702893534857897, 0.015222444524066223, 0.014511657698414355, 0.013331973174842335, 0.012456543202049895, 0.009875322194768688, 0.009865091257630037, 0.009520825666248955, 0.007350779591840041, 0.007120676549264153, 0.006710170640182726, 0.006334242564303757
0.4641565592729317, 0.14493913434251116, 0.040782880106178254, 0.03812968025752073, 0.03305019261773471, 0.0309512013027157, 0.0305276006920747, 0.0286446619430472, 0.02419279189016667, 0.023775332509222747, 0.02346017148023372, 0.02339079555613546, 0.01761054756255949, 0.01758149460869898, 0.015704995274640657, 0.014443652156930413, 0.01089596999810133, 0.010035143096792478, 0.007727195331803883
0.7141525824432265, 0.06954321595025965, 0.02019924773086348, 0.02014356535495812, 0.01820040187233644, 0.018115860419593878, 0.017153791065275096, 0.01699548554009508, 0.016625490865119007, 0.015735483056395196, 0.01264362516655671, 0.009678033105673558, 0.00963269851108975, 0.008505671648385177, 0.00777708084032913, 0.007190632320761813, 0.006839562104439917, 0.006763371761225953, 0.004104200243415488
0.2269979780165968, 0.07780040137870414, 0.06407591476479893, 0.06093801751679799, 0.05831126326472163, 0.05529874346913842, 0.053079722708806704, 0.04499734801400414, 0.04381378525259703, 0.040312394640828246, 0.04024061791121588, 0.03450733632968911, 0.03387485607568257, 0.03262003256128911, 0.03053319917129773, 0.02781411917709273, 0.027096970079379473, 0.026741973292976822, 0.02094532637438254
0.17997049465883652, 0.07789909459548194, 0.0750345185071633, 0.06313475849612477, 0.06309547757145892, 0.05925617933692877, 0.05861953170844031, 0.050538880769350106, 0.04796705505490931, 0.046489467921710666, 0.04507949368767216, 0.03600364581500157, 0.03269687495214532, 0.030804826209042707, 0.02957189424434585, 0.02946791178896365, 0.029254101591986374, 0.02629682522737537, 0.018818967863062377
0.6207269749275912, 0.03980596527541587, 0.03271925016354069, 0.03260829747516964, 0.029385741436504492, 0.02908246957194833, 0.028904255238527257, 0.02793614436013521, 0.02294786430188601, 0.020413579720279143, 0.019015557594670895, 0.016894967747131128, 0.01684529659524065, 0.015634688385079122, 0.01239691463054184, 0.010811336628452586, 0.009617770713706578, 0.007827980496282772, 0.006424944737896563
0.5169013571456073, 0.050247959848230245, 0.0450729417170832, 0.04444053244760208, 0.03929198573791213, 0.038641491771389265, 0.035652322015220624, 0.031328265688404994, 0.027215274860577857, 0.02656573800953749, 0.023971658346176636, 0.023633504660633763, 0.01725952232129754, 0.01672252669787199, 0.014692773090539329, 0.014595526568334783, 0.01291892344976134, 0.011366771664588006, 0.009480923959231518
0.36725869719288295, 0.14294666653836505, 0.08256397745744923, 0.06644431716129584, 0.06632906694215687, 0.04411787054069731, 0.03389083171124498, 0.03331710342336524, 0.024761163579376504, 0.02093344340867239, 0.018225676291987153, 0.016586817622718464, 0.014088707819573266, 0.013348408149675294, 0.012465115056791069, 0.011934428144144076, 0.011143260556376256, 0.009835069472465506, 0.009809378930762542
0.5017775157511338, 0.04426989330584686, 0.044168249402883566, 0.04244571137510494, 0.03949726993261985, 0.03939469750766783, 0.03654081013038553, 0.03341849340590172, 0.03200239307336181, 0.027295511600832573, 0.024838909527724454, 0.023041815000094782, 0.02117354481021138, 0.019594216671792796, 0.01759782062304842, 0.016336340824746467, 0.014372823358038554, 0.01396204141438165, 0.008271942284223021
0.236772097231339, 0.07494246244474405, 0.07128298138581389, 0.06945186211387414, 0.06396764485001662, 0.058244449485256124, 0.05665081958659, 0.04602703139713215, 0.041243246734741085, 0.040032129491870315, 0.034210218522747596, 0.03193904864695241, 0.02853611581738461, 0.028437773376940038, 0.02646787444402701, 0.026019003423570757, 0.025024307504791465, 0.021410953434123834, 0.019339980108084926
0.7064757423629546, 0.11467938842501758, 0.019159400136816655, 0.017491777718378662, 0.017208261593412884, 0.016070783929480262, 0.014652531682044152, 0.014635640923982694, 0.01394908517343985, 0.013705550411976178, 0.010634699173111307, 0.008100904345992586, 0.0057950934644285315, 0.005788354667432563, 0.0052433004415570585, 0.004896238908761471, 0.004888055022139294, 0.004491180837045548, 0.002134010782028125
0.5659601502553357, 0.06388362175172643, 0.052964102812668806, 0.03064635024135661, 0.026839765673816164, 0.02527224818495202, 0.025093557425641122, 0.02388640233060259, 0.02325242563289434, 0.023210769634987995, 0.022731874702825228, 0.020207071094437437, 0.01937904981936266, 0.018647700175752402, 0.017115519922589306, 0.011689860278938563, 0.01097319780028602, 0.009853241392605001, 0.008393090869221546
0.3355284184101689, 0.32686338352075933, 0.03517711269068005, 0.03108824931029341, 0.029670995586516764, 0.02888727983156054, 0.02744407009470681, 0.02585812479614725, 0.022718545019843234, 0.021190218953515368, 0.02040900702743903, 0.01687620144501575, 0.01608767542959734, 0.011931727270248788, 0.01099020969142638, 0.010121167223034125, 0.009841679488761084, 0.009669052954690801, 0.009646881255595034
0.48105433629546324, 0.14343312734424563, 0.061888147544317484, 0.04693546912036255, 0.035013531161979215, 0.033998244781025706, 0.022790887295613665, 0.022355376794762467, 0.02076977222326837, 0.020739274735775293, 0.020012000395903715, 0.018020735575583785, 0.016971607141083936, 0.016855039723666504, 0.012582999180861578, 0.00730483884554542, 0.006829175745337667, 0.006529312172509596, 0.005916123922694177
0.30093114260858816, 0.23584706413648565, 0.0794506435458076, 0.04142360820033697, 0.035042823200020314, 0.03373583864023264, 0.03361458141812715, 0.033280285766622675, 0.03159990082323293, 0.02792480985581012, 0.022244351275005972, 0.021617640241817525, 0.018192871448178917, 0.017342946237722943, 0.017268182943822125, 0.01576390146333459, 0.013711784151297047, 0.011126233698829757, 0.009881390344726888
0.1854577222576622, 0.0798096779480011, 0.07833240973189294, 0.07325359086907046, 0.0622250850652358, 0.060050516775215, 0.050448643936904125, 0.050000232133375656, 0.04759952834944864, 0.04295741933287112, 0.03958010635075465, 0.038178203398101226, 0.031257111069806484, 0.030389114881155945, 0.029833328818599455, 0.02798545450680014, 0.025845264190359575, 0.024332585708578765, 0.022464004676166716
