0.08952474541487072, 0.07705684585217236, 0.07704553720555238, 0.07487846918692845, 0.07422433320070174, 0.07040957825880177, 0.05677116766124036, 0.05527326197359543, 0.05139602948128397, 0.05109195988435719, 0.046679557746052334, 0.044688920947683564, 0.03880081820158251, 0.034536758440845, 0.033922039387953955, 0.03367470746440598, 0.03197875268629939, 0.029456251726678286, 0.028590265278994616
0.3042662567343466, 0.10574751705392894, 0.06174101750345064, 0.05249235558519074, 0.05016857229753032, 0.046817095518399215, 0.044912496996945044, 0.04142462437991622, 0.03612045333299944, 0.0353648326778182, 0.03299594300282923, 0.030203090020600672, 0.02874838052901027, 0.028577065557928612, 0.024682030527929475, 0.019881017051626756, 0.01884592299660744, 0.01869266134721632, 0.018318666885725882
0.38177238141007674, 0.0868581339114398, 0.06959413972357004, 0.06753247606002019, 0.04857167789635544, 0.04242024874827416, 0.038433003704645745, 0.02940951667835617, 0.02787933242225359, 0.027304495189422337, 0.027186396655509048, 0.025483333172044997, 0.02524944041381624, 0.02036508550476141, 0.01983295667672726, 0.01891223563899818, 0.015724017949488956, 0.01416920638455967, 0.013301921859680045
0.5177253316997483, 0.073623075675908, 0.04031676236390465, 0.03934538885160605, 0.03892986299610737, 0.03605318612310027, 0.033267280315041566, 0.027521646186810893, 0.027029918685842584, 0.026512394102579447, 0.02295090814519777, 0.022152699986166327, 0.019964615257947186, 0.014842301891497189, 0.013144688707376232, 0.01289206629401491, 0.011751129010689705, 0.011515750221600639, 0.010460993484860844
0.5441563765042927, 0.19620240177907375, 0.05152153158156999, 0.024896130091821206, 0.022202335770716265, 0.020393250197382615, 0.019936543246751447, 0.016455552438161394, 0.012257307388304984, 0.011747660057488694, 0.011564591077578994, 0.011478321742650656, 0.01046831945846635, 0.009793154295128411, 0.009260981383716607, 0.007995238493723085, 0.007012302978461748, 0.006660201648248299, 0.005997799866462828
0.49966901155571875, 0.1512400318482643, 0.04118748583605439, 0.032971165334391594, 0.03126717572371594, 0.029512172568081012, 0.029349311528420068, 0.02487203684068145, 0.022955407803339285, 0.02137151344422751, 0.01942673580720349, 0.017779622938089313, 0.016559581491969975, 0.014876120676757842, 0.011391513251830567, 0.010685558239284689, 0.009880624611769834, 0.008008592660543441, 0.006996337839656594
0.7223657851992611, 0.07600891041220194, 0.021496949828691523, 0.020459250870621188, 0.017946073215828032, 0.017192369595975067, 0.01698518401759342, 0.01524141179088834, 0.014191203205898497, 0.013210388111292949, 0.010623037667244881, 0.009415397115538009, 0.00926382065920682, 0.006962847351346496, 0.006560289284399057, 0.006215735597126627, 0.0062106899092670914, 0.006119517576786853, 0.003531138590832107
0.15869082906404972, 0.08478653198332155, 0.07289539486987649, 0.07203497410451762, 0.06481233835066091, 0.05812502395375955, 0.050797635477073014, 0.04634903987820167, 0.04622178896455886, 0.04390954043511388, 0.040758018998749354, 0.040730155303586445, 0.03900251250695413, 0.03804401903034437, 0.03382017109827265, 0.03246715459457238, 0.029245115494720204, 0.024832788721092562, 0.022476967170574652
0.2356319727898022, 0.07403559776420778, 0.06606648679829553, 0.06251566552920258, 0.061076840133845886, 0.05264760136392009, 0.04717886571864769, 0.0471648883443046, 0.045398354938797944, 0.04460867928441893, 0.04055678564957533, 0.035440268474029736, 0.031116073075996634, 0.030481658290627236, 0.02907034121213971, 0.02537496261505559, 0.024431346447586322, 0.02395511463039235, 0.023248496939153884
0.6055948253579214, 0.036652549703538505, 0.03581366451573959, 0.02981249825599188, 0.029236734611145912, 0.02859122440157282, 0.028428323411851083, 0.02839404902054912, 0.025756477744961124, 0.021439635589912, 0.02066940009196372, 0.018498265356596533, 0.017132860570826084, 0.01677825022769098, 0.013459167133680476, 0.012356725322332441, 0.011211923435109024, 0.010624809035492773, 0.009548616213124566
0.525597343167087, 0.05915199842915177, 0.039528162543021696, 0.03781084991966713, 0.03638310372643696, 0.03011700499964385, 0.03002077264391735, 0.030011052921302364, 0.02876514806922945, 0.026496081396116273, 0.02306819799782212, 0.021173936954898796, 0.019739082801252906, 0.017801101373384927, 0.01719242609092251, 0.016634793433419563, 0.01658542463824274, 0.012326644544220455, 0.011596874350262165
0.39269902492009334, 0.10997404425373009, 0.10277708446642528, 0.07693647347927346, 0.07058046064036175, 0.026424361239988134, 0.025998044694037385, 0.02563068348054923, 0.02554664355489224, 0.02535366064868481, 0.019067396978841133, 0.01599837815528086, 0.015693664578681335, 0.015464004781841924, 0.01492142833873647, 0.014296475045425921, 0.00843670330599323, 0.0076481693881578485, 0.006553298049005572
0.5379726146409637, 0.04205971120257851, 0.03962470046693964, 0.03911632752230949, 0.03357318773277483, 0.032080703933629495, 0.02998880825574629, 0.028485013992673117, 0.027488582721653693, 0.027446722448449437, 0.02582416580181417, 0.025600765296840643, 0.02550381989878484, 0.022795021571425083, 0.017935652336276628, 0.012329852777567367, 0.011584227652515862, 0.010973394767777126, 0.009616726979280094
0.2597585695987323, 0.06978879017127784, 0.0669086251192889, 0.06574443689863206, 0.06015414676084988, 0.05606095392166168, 0.05112388974654036, 0.045775952890354576, 0.04236633687129469, 0.04219141122052798, 0.03818460557855499, 0.03196301026180375, 0.031136400814063044, 0.027367840331646662, 0.026410987000035715, 0.0237821884753172, 0.022927969078031494, 0.01950545416053753, 0.01884843110084936
0.6953217403900949, 0.15337173523310102, 0.015762721014484584, 0.015397919143427082, 0.014103418740738461, 0.012158472901745853, 0.010302000179060638, 0.009901105065774189, 0.009456209671381794, 0.00917497624470562, 0.007592922828535795, 0.007492381999384994, 0.007291258580488906, 0.007024694661588913, 0.006785049841687125, 0.005597817020750571, 0.004902885561688985, 0.004196814464048289, 0.004165876457312322
0.5621768754215294, 0.06703183491652767, 0.062446806296074506, 0.0343109212557836, 0.028687120064070464, 0.02713655726982609, 0.02611674808753568, 0.025434235018209506, 0.021516651067792148, 0.020752150488163198, 0.019545287817097814, 0.018355392263565924, 0.017471141570580755, 0.01661004429516934, 0.013098895498704617, 0.012897538570432717, 0.009996612358304492, 0.009210847561960238, 0.0072043401786718135
0.3516629032799859, 0.3298814162900837, 0.0447361840174852, 0.030919129136434662, 0.029588780515688317, 0.027798311100644135, 0.02773749323146919, 0.021304764629833283, 0.02114109777008312, 0.018953374265288793, 0.01853860236040833, 0.01303966911145114, 0.011755928314013599, 0.010995990368274023, 0.010704213123164153, 0.009878165241017962, 0.00783315302779123, 0.007288050559912212, 0.006242773656971029
0.5136088141061268, 0.12393075444415527, 0.06964065658869854, 0.04370907380476184, 0.03320426807754281, 0.03282098510648821, 0.023464259348882646, 0.021753216735844162, 0.021746454936984815, 0.02149483606899496, 0.019184429094019143, 0.017724314279532277, 0.011914986324112102, 0.011471962261316217, 0.008190832542624602, 0.00787043931809369, 0.006914756640629665, 0.006401883179432426, 0.0049530771417597525
0.2351923634288059, 0.21693718561399433, 0.07778932171589509, 0.07441109105421602, 0.05425172980903062, 0.04650167041856823, 0.03767715119175585, 0.035155142347214265, 0.032424654225276774, 0.02848357032014026, 0.026227949998374005, 0.025302764561415655, 0.02353572914679175, 0.0199975270476797, 0.017629617796628992, 0.012799464790300454, 0.01218202207189021, 0.011915481392970323, 0.01158556306905159
0.1452926990739042, 0.08289015168720786, 0.0760172151556317, 0.07508892544091292, 0.05880487456827953, 0.053594637055561334, 0.05320576290743871, 0.05250603979517143, 0.05031364518864699, 0.049355203349378984, 0.04645531541597701, 0.043117512146992054, 0.041785987520028725, 0.035244695515826596, 0.03312499885260264, 0.03284682574640883, 0.025225511406848825, 0.023768886036233706, 0.021361113136947964
