0.13069477307350166, 0.10844798578664719, 0.08952192167867129, 0.0748601532083973, 0.062286971974211555, 0.06190442861283944, 0.05780347222328719, 0.05597112534843603, 0.051751496922575496, 0.050838886193874444, 0.04914083154419757, 0.041535479413466324, 0.03346943122819108, 0.031268332058309874, 0.025096958247164503, 0.023792700341613113, 0.023176883153066725, 0.01888463318908765, 0.009553535802461582
0.24448209685832697, 0.09861940814321514, 0.08914492737610381, 0.07894730942768412, 0.06916786209718591, 0.06862788110229641, 0.05217452565648276, 0.04619409453529506, 0.03970404262519263, 0.03729636884683175, 0.03657890288377428, 0.03528421634733769, 0.02505612270760918, 0.02078856473105659, 0.016698074198771912, 0.014334438531681709, 0.011512151972037003, 0.008501159711497648, 0.0068878522476194335
0.35710115455092656, 0.07570144222034002, 0.0753095644700288, 0.05930165806228491, 0.0531269523847985, 0.05125501934471649, 0.037085574705772534, 0.036877571601595285, 0.034715628699847886, 0.02836668506563633, 0.027645023150772587, 0.025842242846950133, 0.025411466299841656, 0.02495373732836854, 0.02190179809871868, 0.020001801415004117, 0.01979483453044722, 0.014184730791600533, 0.011423114432349245
0.4512276932717935, 0.06479118382666586, 0.05492694178367715, 0.047298774743240936, 0.044010024660204636, 0.04280313185214262, 0.04159386748549122, 0.033467563744843, 0.031137114775690068, 0.025506530679465504, 0.024329768777237578, 0.024322765451419683, 0.0232846381442597, 0.023264876458353474, 0.01947594239882702, 0.016530247837933155, 0.012356507885446961, 0.011736273034531994, 0.007936153188775897
0.48774985151980876, 0.1935091578978206, 0.06459890164998539, 0.048202451325657696, 0.037225071230885455, 0.028391150104461187, 0.024542323999188858, 0.02044018389410444, 0.01728920791003765, 0.015668466647172353, 0.011862387872962312, 0.010441347200156438, 0.007932837655086447, 0.007607342625315053, 0.007255678079763763, 0.0060670763601957944, 0.005833005704641295, 0.0036998079329703475, 0.0016837503897861737
0.44761123378072926, 0.12541003556343513, 0.046089840748274664, 0.04367266186804371, 0.04118443693914596, 0.03901385544801465, 0.037083901061431584, 0.03692755318007023, 0.02916581876876996, 0.025310153993808118, 0.02473579338275471, 0.01960071586563603, 0.017999987741341966, 0.013318867003120297, 0.013136372549124207, 0.012678358237947987, 0.010639186287238834, 0.010477160054403349, 0.005944067526709359
0.7461014418786313, 0.028449237598580004, 0.02795261801324006, 0.02587564917491999, 0.025484255288481035, 0.01764426225725968, 0.017325657218789255, 0.013479210415551694, 0.012965278854690341, 0.012524182348137878, 0.012198414556806038, 0.012036656940686383, 0.008112550371100716, 0.007607013732177037, 0.007601410443302759, 0.006989330454672168, 0.006696957525729579, 0.005721725735993515, 0.005234147191250606
0.1311947716517822, 0.12414180828325591, 0.07276944280499671, 0.0653694779321905, 0.06333114241916424, 0.06324732683045634, 0.04775091056169489, 0.046392382651278, 0.04554268447871194, 0.04405968402855675, 0.04168652531876644, 0.03864488019848176, 0.03589298854252048, 0.0347931641067098, 0.03460405355677405, 0.031239318331820948, 0.02986356028177266, 0.028907289046568238, 0.02056858897449816
0.19506100510250476, 0.10284270714692055, 0.0772933723020987, 0.06425723813303155, 0.06101865715727918, 0.05852279597595465, 0.05472147424005166, 0.04641561640143376, 0.043088241428599475, 0.03815423250076641, 0.03796460348900189, 0.032752896558297356, 0.031019857071759842, 0.03087735048916057, 0.030084608241667584, 0.027522156001343712, 0.024882906393417694, 0.022673848698168693, 0.020846432668541966
0.5390430585490713, 0.07741444483959575, 0.04501636118818413, 0.04388378108831153, 0.039812148531257335, 0.035861531263724475, 0.029724071301261076, 0.02711846417335081, 0.026522104816104737, 0.018308443046832365, 0.017787395759738124, 0.01674487397498086, 0.016545466377237878, 0.016093337962445206, 0.012016848170830834, 0.01142347263837447, 0.011025550096878516, 0.01063575619227486, 0.005022890029545725
0.5155714436735854, 0.05382107146660438, 0.053009062533089936, 0.041574411819191505, 0.03507688675767982, 0.030637163495035737, 0.029324807565750413, 0.0275339747448999, 0.026301413897055773, 0.02408481349606606, 0.022977765400773818, 0.021761979884241982, 0.020380029932913327, 0.019207788893404878, 0.01836063610133563, 0.016633808883560915, 0.016028836264899718, 0.01483035426658748, 0.012883750923323245
0.34476451287587323, 0.10634062408702435, 0.10235595396613155, 0.08533700561116782, 0.08394279829542384, 0.036902178340937467, 0.03455169028163502, 0.029642941400017588, 0.027712730005406177, 0.025515173234420045, 0.023797660894364105, 0.021001478826745985, 0.01886985911429885, 0.014670410945363949, 0.01191271706879229, 0.011378462333281474, 0.010164614954805036, 0.008803492205176316, 0.002335695559134932
0.4682832462488219, 0.0586064672445324, 0.04501022908074889, 0.043198852256759776, 0.04172979459904501, 0.04107031397417902, 0.0410081383180829, 0.03720563766029512, 0.03611974138877874, 0.024494662111936905, 0.023549823345233176, 0.0230093153696464, 0.02129528406471049, 0.020504712786436213, 0.018574293014059235, 0.01821451154919588, 0.017865952946478116, 0.015326375775612654, 0.004932648265447194
0.2834665500871373, 0.07644569653776367, 0.07131599647552864, 0.060931732211236066, 0.06045226709548923, 0.05324602448714298, 0.04809937655049395, 0.04129986462090093, 0.03749788840949675, 0.03716994269162997, 0.03494667036432092, 0.033112395920891484, 0.02975879694055763, 0.028239321369395668, 0.02494965793635491, 0.02472855522530898, 0.021417859127707183, 0.01822088152824096, 0.01470052242040279
0.7093524591768392, 0.10672211318047742, 0.022504572171360735, 0.020343268884528712, 0.016413519658827255, 0.015293481267912811, 0.014863532712219806, 0.013017732230787298, 0.011043855252521976, 0.01097805972626235, 0.010130042424842532, 0.008965284651310442, 0.007942361692583819, 0.007214086221019782, 0.006641625453670688, 0.00648420305098318, 0.004967968819918331, 0.0036766736131027982, 0.003445159810830872
0.5490149225443408, 0.08818762143594942, 0.04369090196190837, 0.040355961506479715, 0.036331048462800775, 0.03240447341046151, 0.03238779196302918, 0.021687648975780908, 0.017484328655137698, 0.0169940680619191, 0.016590282574183487, 0.01656632550043416, 0.016058972102270166, 0.015022871945178342, 0.01433207110173339, 0.013798983620765298, 0.012750629995935698, 0.0107770149031122, 0.00556408127857976
0.39678693140727683, 0.2902683250514002, 0.0430184320770633, 0.03141529731524996, 0.030056141570575717, 0.029493188461055805, 0.024816477659922988, 0.022883790410001496, 0.01859698574487219, 0.017033632111356573, 0.01702190874779712, 0.015286070886816881, 0.014028140753892814, 0.012954654995850672, 0.011979450939429936, 0.007381272938631627, 0.006588720465026236, 0.005774423852994097, 0.004616154610785537
0.49581481701496444, 0.10312648504467796, 0.06996865634992588, 0.0428015068396643, 0.0427032049487637, 0.03570443453440569, 0.035497761297039326, 0.03154161288169902, 0.025260193755156594, 0.02486984452965679, 0.01818592970199666, 0.015822011025263757, 0.014362456300690283, 0.014268636759349999, 0.009152307028517832, 0.007362630814701359, 0.005641543024802327, 0.004120088329018716, 0.0037958798197053655
0.28630020021075614, 0.20693318498229726, 0.07493632966142234, 0.04912651734906656, 0.04257704091596326, 0.03932205041647083, 0.0378568951930077, 0.03497232672790712, 0.033917392398194184, 0.03089009871859935, 0.025116001663402242, 0.020318301953717754, 0.019867329294897193, 0.01940090075619162, 0.01870338505937078, 0.018391735992417058, 0.017732465667879213, 0.01675709144218375, 0.006880751596255615
0.12658928579736525, 0.10646520958031874, 0.09726816592159682, 0.0769469435508478, 0.06966328905739005, 0.06642555887736813, 0.061964560011810825, 0.04915934570495726, 0.047109545422777566, 0.04671666935838283, 0.044277799565419745, 0.03741910448762808, 0.03355110130965566, 0.030700261805016713, 0.0303568196708541, 0.0280752041187474, 0.022218002722339484, 0.015304229569377662, 0.00978890346814587
