0.1303105893425861, 0.10395511603022176, 0.0781947140925917, 0.0759655715757018, 0.07461915073491374, 0.061662746909180964, 0.05927142152660927, 0.05539799777910433, 0.05402198091040265, 0.04631304242757913, 0.04360478339216909, 0.042121530529600854, 0.03880757813991379, 0.03423062938958359, 0.03161336821854384, 0.026148319155994644, 0.01642463347815579, 0.01450173348496357, 0.012835092882183397
0.22359374850451474, 0.11411547387028288, 0.10345174686580175, 0.07725640553170039, 0.07238299601864207, 0.05764431392612183, 0.05012576516055369, 0.04376768507959587, 0.04320483026901216, 0.03940463587432305, 0.03711910569507858, 0.030994686468550702, 0.025413399150095755, 0.02372742909767574, 0.016305110263514583, 0.01159868137308105, 0.010779747273529532, 0.010035397365052256, 0.00907884221287336
0.4150873946911995, 0.10969563719356328, 0.07523959821486242, 0.05478953671117831, 0.04720816877934609, 0.03764636912368178, 0.031490013681052566, 0.030211685576107514, 0.025833989425719635, 0.025791849447900247, 0.02325140026838293, 0.022193267209130754, 0.020213088897111795, 0.018356640672489828, 0.014776629697210046, 0.013255550063786514, 0.013119215924030253, 0.011584406042172894, 0.010255558381073678
0.5500822285124984, 0.08296344508873042, 0.04168421564489596, 0.03402627085239111, 0.03327262095161512, 0.032169218207399985, 0.031695471984411736, 0.025669688871236693, 0.025523216253749995, 0.025284970758568347, 0.017484465502760164, 0.016479631830487312, 0.015418564853982832, 0.01446480513700459, 0.014425550581928749, 0.011922450272113288, 0.011611560768331652, 0.008107848000607185, 0.007713775927286424
0.5983842407009722, 0.11405300379779636, 0.061910039101486715, 0.02471364616928281, 0.019888711381776666, 0.01895873095866024, 0.0178844408638461, 0.017079380961653224, 0.016486146617332005, 0.01582665555830992, 0.01499179874777291, 0.014465991468401393, 0.014189809708788742, 0.011181142256160913, 0.009769113374751214, 0.009122526864036418, 0.008046445976598227, 0.007667689418028416, 0.005380486074345592
0.5857219650826261, 0.15665648692805118, 0.036697288763612966, 0.029358789413601438, 0.018465111333856706, 0.017387897500647214, 0.017337538161078636, 0.017271734369167957, 0.01688848991728274, 0.016834274504306353, 0.015958747133441215, 0.014345148881500371, 0.013804189875309496, 0.012828935921863575, 0.01014685615828966, 0.007521805387766385, 0.006931093243240944, 0.004833783484186618, 0.0010098639401704954
0.7618027232370604, 0.07457138245662141, 0.018768041380096183, 0.01533774089750189, 0.014982450756633682, 0.013959230122780697, 0.012846825011401334, 0.011864670767264855, 0.011294826902955475, 0.011117373711886518, 0.009595892307952337, 0.009531481822102401, 0.0089360733179928, 0.006523447367053418, 0.005244762752019323, 0.00414632619557419, 0.0038017145356490623, 0.0031509625028138155, 0.0025240739546401212
0.11952253392413704, 0.0837150454347741, 0.07952432065561642, 0.0770065190470691, 0.07001734375095658, 0.06459211201999737, 0.0597323336834579, 0.056422674801833814, 0.04585671542272728, 0.04332180195780498, 0.041215018683590954, 0.03920464814761971, 0.03393589866892705, 0.03360926025575622, 0.03299578685345975, 0.032937233262993276, 0.03254872291659665, 0.031220022872421524, 0.022622007640260292
0.21474401712411567, 0.07407546298789093, 0.0682844403780764, 0.0593233044148598, 0.05891830893768672, 0.057032668005296605, 0.05327501105453138, 0.05268231121512165, 0.046144866289913766, 0.04293961866768068, 0.042511953413235194, 0.03760827878826312, 0.034911781274613626, 0.03320218688070617, 0.03161812714893305, 0.026534254728238112, 0.025062643416440544, 0.021157796390933136, 0.01997296888346345
0.6428362718678423, 0.042824358206250364, 0.03537557974912817, 0.029113129594527352, 0.026366807053408593, 0.02493226940600805, 0.022448961189637368, 0.02058497381352654, 0.01974462160383918, 0.018812329122145387, 0.018435065416767895, 0.017661352760387914, 0.01560210251703167, 0.014581760203450842, 0.013249559377195446, 0.012412577167888503, 0.009184279670473257, 0.008499189941975236, 0.007334811338515922
0.5223159101435156, 0.050347749568098156, 0.0452747553514773, 0.038955534251556026, 0.038897213657456596, 0.03623706262985379, 0.03155852144913857, 0.030806945144619954, 0.026291780903902447, 0.025089996237880424, 0.025053663659509683, 0.023339279014111022, 0.022153633850790538, 0.020077639833116345, 0.013043297162690133, 0.01300478946598342, 0.012604138900927937, 0.012499617297589053, 0.012448471477782951
0.32239790011944564, 0.1968438002356104, 0.1155951230828009, 0.05958601769991677, 0.04057053769028735, 0.03345836315030823, 0.032826904104141116, 0.029080458568095116, 0.024384579781836398, 0.021385491839983534, 0.020938354499167994, 0.019413757869268924, 0.018368882959327232, 0.01550288052063127, 0.013244018456503187, 0.012592771266090347, 0.010881659512487854, 0.007757764202320138, 0.005170734441777608
0.6122723201870728, 0.05531340265614068, 0.029342017253406828, 0.02756091885947163, 0.027473929881923476, 0.026187893486381453, 0.025945813272291222, 0.0252304201469214, 0.02464823403770044, 0.02388572362317821, 0.02355342106070369, 0.020296417870930537, 0.019338638638864782, 0.01754872709812927, 0.01281331300442328, 0.010007088637309952, 0.008748361449095925, 0.006385734799314678, 0.0034476240367397313
0.2489224516171006, 0.08549069740968933, 0.08392226980922488, 0.0720372175500432, 0.05671225056673826, 0.056468621463090715, 0.05324356017140229, 0.04860280872657825, 0.04844349655624934, 0.04781263837468655, 0.03464874927193949, 0.03051944454676795, 0.023321965094148765, 0.022456578437350133, 0.022284974482583014, 0.0215483087024532, 0.016704882005296736, 0.014171038618653809, 0.012688046596003488
0.7593895266097653, 0.09799576576120314, 0.024002324847750535, 0.017356339072595397, 0.014088188115226899, 0.012764294069624984, 0.01219622907584602, 0.012073991567653158, 0.009280623483873346, 0.007501700176478273, 0.006918313172564498, 0.006314208682171442, 0.005588199966269808, 0.0038435291254769028, 0.0036393876621312058, 0.003337870256289934, 0.0015527113885779392, 0.0011166832074399984, 0.0010401137590612148
0.6182170038738571, 0.05579908421899091, 0.031249037363570185, 0.031204172401105793, 0.03089251392909494, 0.02969816590385073, 0.026555357660462332, 0.02630952018890161, 0.020788464900940766, 0.020349146741473152, 0.018659953825817067, 0.017073350075504867, 0.01667752359286193, 0.011393637313820494, 0.010087163417401027, 0.01008568697415457, 0.008930672084713353, 0.00859367660010555, 0.007435868933373546
0.37074971939048257, 0.31590900622303636, 0.045979946648942005, 0.03048498780834546, 0.027200164630022148, 0.025389677052744027, 0.02421364960181148, 0.022766215557133422, 0.022267941474855595, 0.01886894710409709, 0.01721701976807955, 0.01685554380197764, 0.011271893289299208, 0.010694020216566996, 0.010060219548557322, 0.008698505215415346, 0.00840191382884481, 0.008065265284433801, 0.0049053635553552195
0.40873301802563694, 0.20227904262412708, 0.07128971385742112, 0.053221634169287595, 0.043686185115424166, 0.034219766196016736, 0.028076148582141688, 0.021495394872964074, 0.019267659901359126, 0.01883047808176359, 0.018696419535233214, 0.016918008723247592, 0.01556305736248753, 0.01493134746564624, 0.0096228180167877, 0.008654644216585813, 0.004942478117584338, 0.004924825153510708, 0.004647359982774745
0.2915000832668372, 0.11848700966225652, 0.09542752169347665, 0.079722984554736, 0.07457419811511642, 0.04486482427505115, 0.03956547406917476, 0.03326843674041748, 0.031180743717803744, 0.030700920618829026, 0.02322505928535486, 0.021226718405463408, 0.01924995918943547, 0.018906034526501046, 0.018540523840211362, 0.018503080165648438, 0.01730686069901226, 0.016641373386028557, 0.0071081937886456475
0.10936513575898704, 0.10263309936418108, 0.08364311435855185, 0.0750768015099336, 0.07284297612345224, 0.0675914901730404, 0.06257150091046043, 0.05654042103199379, 0.051447569428791425, 0.046850839425974025, 0.046347205585223476, 0.03756211689199101, 0.032617229698309484, 0.03187660297530646, 0.03143825823054061, 0.02552152940766204, 0.023416176113279636, 0.02258495659371015, 0.020072976418611246
