0.13061097926991821, 0.10481327182593568, 0.09558494906408638, 0.09201838963809265, 0.07704107746772215, 0.06985234295966462, 0.06295536197895894, 0.0561692988926651, 0.04198134845981955, 0.04184738476795853, 0.04021243479208242, 0.0337946663197836, 0.033615567276909536, 0.03239495233968541, 0.024175705138238676, 0.02080726249513171, 0.01606144168227695, 0.015478262436931957, 0.010585303194137932
0.23434593854323524, 0.14406340824522876, 0.07626384158523604, 0.06653138961469592, 0.060444161155947765, 0.0516925108574233, 0.05068115503642555, 0.04097831855723691, 0.03891509287810694, 0.03040992170783169, 0.02681667284939464, 0.026150447949482594, 0.026082620099438184, 0.02443435135184362, 0.023064494359228305, 0.022502834233155175, 0.02213619287642663, 0.01856084736659981, 0.015925800733062944
0.3176333449673686, 0.10965750873771438, 0.0707111856645398, 0.06089493049176314, 0.05482261202770398, 0.046315259792035685, 0.04513304888342881, 0.038920173179313795, 0.03455673392444919, 0.029509796918658356, 0.028401436426428863, 0.0249039224547407, 0.023946531219887743, 0.02356918173460251, 0.022262106518520224, 0.02201400087989037, 0.021823585807254346, 0.016016204494716815, 0.008908435876982715
0.5039270484944353, 0.05089847137397408, 0.04692941016691405, 0.04552810829560139, 0.045263609337399265, 0.04066690209228848, 0.034269302460463176, 0.034194615291823556, 0.032979675688925944, 0.02586144874304753, 0.021390087213682938, 0.018697518789338684, 0.01785018924164289, 0.01716543096751398, 0.015450265161322915, 0.014663382491726917, 0.013837060087186836, 0.011241582621544106, 0.009185891481168012
0.4484474004080359, 0.19680392681184755, 0.07988793657831025, 0.03365159598621666, 0.029829429913490774, 0.02633178766536146, 0.02017315414161582, 0.01939147007939423, 0.01845872163757639, 0.018119508665559666, 0.015991787021967577, 0.01455346057542241, 0.013270335929978913, 0.012849099581994343, 0.012478677346443687, 0.011759375144604243, 0.011716277595321064, 0.010822735302914242, 0.005463319613944841
0.4434463893765304, 0.13692201902312812, 0.04642007589965703, 0.04450433057974822, 0.03950849895339306, 0.035447452080224165, 0.03481965384577714, 0.03449611611572313, 0.027291713577876377, 0.025210223716228254, 0.022356066609308313, 0.018468854801509452, 0.017968034315309626, 0.01588288011648242, 0.015620396499317514, 0.013008033995419017, 0.012999917646389228, 0.012009590350898615, 0.0036197524970798954
0.7500692540627313, 0.03454892036901028, 0.024963538899195774, 0.024595461729718913, 0.022041126544787463, 0.017376431672231882, 0.015911783565750955, 0.01585242986402634, 0.013185471312513478, 0.011789918556154088, 0.011499944038479414, 0.010500942360373277, 0.00847966329443036, 0.008361040623294543, 0.008319924910121146, 0.006609542824151872, 0.005967708388258889, 0.0056621514697648145, 0.004264745515005193
0.1385924645489076, 0.08735964727563006, 0.0770455242578044, 0.07355204132015963, 0.06987483214973064, 0.06931171442527762, 0.050639479738108034, 0.04979469446662101, 0.044319613059696346, 0.04370063134420477, 0.043108011128764556, 0.04035024282407234, 0.03966799296503348, 0.037847715355478276, 0.037346602313685716, 0.03335561195273615, 0.029443817493868298, 0.020248963228790003, 0.014440400151431085
0.1982220345066622, 0.08360310546918402, 0.07872471544278047, 0.07736090265521406, 0.06240262604683383, 0.05749752276182453, 0.05190116451062311, 0.041552903672731796, 0.03787064492775647, 0.037551399591304234, 0.03700432519272679, 0.03688626508649571, 0.03556567309099174, 0.03416951814146685, 0.031708149307847024, 0.02714322618010853, 0.025965156522151835, 0.025907374814537917, 0.018963292078758867
0.6058145329848936, 0.0451908221876426, 0.039371091964404324, 0.03726831884513737, 0.034821114820305844, 0.027810779275276858, 0.02749386983854493, 0.02295071768646581, 0.022650161927365676, 0.022358089647189404, 0.021532470501045106, 0.01493770775100929, 0.014133287611516615, 0.013418082438696513, 0.012811872249987658, 0.01265549825434078, 0.010451399614611112, 0.010037974684753445, 0.004292207716813034
0.5036629006807928, 0.05562093239691828, 0.04362901113848814, 0.04122619191486447, 0.036176685206715284, 0.03598485496180229, 0.035453435668279284, 0.034158835070217206, 0.02907864647002279, 0.024370927437932465, 0.022902492682601028, 0.022102778745190465, 0.021441139071532184, 0.020260448533660495, 0.019444587563490053, 0.019036000479935533, 0.013281269068737835, 0.011262774982777744, 0.01090608792604165
0.3155818278062684, 0.09692799777314016, 0.09566702351216187, 0.09495693520684283, 0.08490112373390356, 0.05320579016574862, 0.04246731693833289, 0.032907861858257934, 0.02641254018121799, 0.024416294620644773, 0.023153426861571187, 0.01956262120646118, 0.017248673715469242, 0.014867724502659682, 0.014180693647186, 0.012992721163264297, 0.01248057633775241, 0.010153182756119433, 0.007915668012997515
0.47581227253864256, 0.06309582022582683, 0.0474438508259839, 0.04308236283034924, 0.041209853222013176, 0.03402859958203322, 0.0338837037060792, 0.033291674502519956, 0.0284199046024313, 0.02650840668321658, 0.02534381778658743, 0.024067069722569678, 0.022411397337526024, 0.021029297588971502, 0.020572758105454753, 0.02052802752122924, 0.01963872682344106, 0.014593548209427884, 0.0050389081856964685
0.29703243063229456, 0.07515586863418469, 0.07492795260263121, 0.0674105708351783, 0.0616686029454469, 0.054255255728432775, 0.05322286223741061, 0.045428329632246425, 0.037316621300635774, 0.03394348904460231, 0.03382406907699946, 0.024298579571704504, 0.02376203199827835, 0.02300533466352151, 0.022540925313102457, 0.020921772911715292, 0.019645360745978228, 0.018699952056108686, 0.012939990069527917
