0.13144755618381926, 0.09370374228200459, 0.07961876727060409, 0.07518821707889681, 0.06353781323499165, 0.06270716347592023, 0.060580150797108455, 0.05142604451895102, 0.04927626815765721, 0.04730359258267314, 0.04367626958698368, 0.043332607035463, 0.03679333894062529, 0.03269244450415719, 0.03213899060045213, 0.031240209613138694, 0.023525046092951557, 0.022665089110401153, 0.01914668893320086
0.2873425714951144, 0.1320612761079071, 0.06099513626227711, 0.05940052611337416, 0.052385607261109864, 0.04740304040443741, 0.044710867613543696, 0.038767114441818025, 0.037308709390874405, 0.03433433109927822, 0.03254231408306612, 0.031657400205519846, 0.028753525445708306, 0.02367959785685933, 0.02295326719388262, 0.018321758772708644, 0.01766743870833229, 0.015684114857160352, 0.014031402687028115
0.37548161240869943, 0.10663974637321073, 0.060872199956416566, 0.052288953238125005, 0.042634077506296934, 0.041907926373157024, 0.03902915052540906, 0.03439760691238255, 0.032905819137556205, 0.031224801868280725, 0.03078944860003031, 0.026154146449862047, 0.023385200724857284, 0.018912945717184545, 0.018592931871006104, 0.018286648437688305, 0.017504602519292967, 0.014576045275457031, 0.01441613610508716
0.574260929153567, 0.06208841604226644, 0.036300657653501545, 0.03597442948097005, 0.03278757844215419, 0.029732661096480876, 0.02879266694585949, 0.026269020424850423, 0.024356721415776196, 0.02317519123161929, 0.021386239087960262, 0.019494871267019525, 0.017655424095796922, 0.013522965519126115, 0.012436638891601178, 0.011211443937453323, 0.010560947186414392, 0.010002243954728809, 0.009990954172853962
0.5112387560426113, 0.19732100067549185, 0.06323708453248125, 0.024946983343969654, 0.023104385758025366, 0.01955571747353706, 0.01844001791373261, 0.01825079636997143, 0.018149983366632403, 0.014111955324795852, 0.013629512543359158, 0.012686500105633882, 0.012452807842709038, 0.010703842752563935, 0.010024195655644155, 0.009363868052669937, 0.007959261491606617, 0.007536535852337841, 0.007286794902226678
0.48382434153605514, 0.17362963095902695, 0.0368042844971601, 0.02962308050775309, 0.029548046103129756, 0.029361945944460788, 0.026418247443036554, 0.02338348738596415, 0.02192893071044089, 0.021698985062350608, 0.019852135233085978, 0.018109183142279835, 0.017190725454849877, 0.01715756900917348, 0.013767644626250533, 0.010574626074696678, 0.010372931458426698, 0.00967655571178205, 0.00707764914007684
0.736324822331617, 0.07009273889588874, 0.020948832568906492, 0.01746983805186873, 0.01745541855251097, 0.014567625397251708, 0.01397499190371167, 0.013898925598797962, 0.012197960897944803, 0.01211490858443823, 0.011324156607480639, 0.010050796052044545, 0.00987906863216936, 0.009175905154027626, 0.00849238652086007, 0.00718443483828193, 0.0055787588226078304, 0.004925123313223859, 0.004343307276367785
0.16640047316976778, 0.08505383759766469, 0.07606712432718414, 0.06767345385795957, 0.06725425667035032, 0.05595244370707499, 0.05052569428297081, 0.04939875198341743, 0.04926517984167268, 0.04519292439890214, 0.043929613526455163, 0.037850571004248955, 0.03702386327955339, 0.0358061585516253, 0.029094558440190196, 0.02908083647412674, 0.025997309113457743, 0.025643186094521913, 0.02278976367885604
0.2322445422517204, 0.07387801217616945, 0.07327883202550375, 0.06288305030226203, 0.05949583230570654, 0.050533826247065775, 0.04743661629319104, 0.04693257035979313, 0.04617464050583151, 0.04307201216860814, 0.042184111604956, 0.03778647319958453, 0.028554433806349193, 0.02838640753000018, 0.027942346812780617, 0.02683763102574952, 0.026300423928344988, 0.02317500595534608, 0.02290323150103714
0.6614441405217789, 0.032271728558295014, 0.030534347357725148, 0.02735796705792698, 0.025994445091330705, 0.02579649671971461, 0.02384768588034124, 0.022413453555313562, 0.021601820964201723, 0.019243476002019054, 0.018482994811582273, 0.017914758544222753, 0.017756026460310124, 0.011175080871590913, 0.010607621958391072, 0.00882149306024238, 0.008583310997232398, 0.008191697186719048, 0.007961454401062055
0.5117553081794697, 0.05345764187450673, 0.040087720445984854, 0.037781660998818745, 0.035364300048647795, 0.03470976169740318, 0.03425992816180771, 0.03140680364235249, 0.031025545416875553, 0.029140825815714925, 0.028001168105507002, 0.022772917393412154, 0.020109527077177374, 0.019906921856935912, 0.015816258898738594, 0.01550005753570248, 0.013236017723587394, 0.013177567511541404, 0.012490067615816051
0.36267490225696264, 0.12319263918114344, 0.10140970183567685, 0.08588861512776917, 0.06191108478317711, 0.03267169747501292, 0.026900897951662627, 0.026214956448052187, 0.023479833769080218, 0.022973757417470386, 0.021936528922591004, 0.02154381369256744, 0.02011470770995343, 0.013842355878674403, 0.013021009571198004, 0.01200753201149331, 0.011513494675473853, 0.010157729971084542, 0.0085447413209565
0.5382673407364175, 0.043742183686956676, 0.043728649864175136, 0.03764409001263095, 0.0338995876335673, 0.029978620957395473, 0.02944513265194584, 0.028953599197118967, 0.028148832687892138, 0.026741943317226832, 0.025662122799919092, 0.02529400722867264, 0.023843754519964802, 0.02217373589386486, 0.014591400659480922, 0.012773997821607787, 0.012024406988580861, 0.011607669946678624, 0.011478923395903682
0.2861868086126486, 0.07616481960658203, 0.07286783096098365, 0.06425618569773237, 0.0527245970615813, 0.052165159342281185, 0.05108597829774887, 0.04807796127231266, 0.043736867316635834, 0.038720721601260326, 0.03499366231370923, 0.02680427268700872, 0.02643325294646635, 0.02461649323622692, 0.0231159830321838, 0.022040039510196705, 0.020455098080942813, 0.018487494183010964, 0.017066774240487678
0.7091983514708385, 0.13982988522070094, 0.015340943834442296, 0.014230763912550506, 0.012688848531665776, 0.012421441087811602, 0.011616837951938982, 0.010912678222672181, 0.009884890345914304, 0.009428215408954771, 0.008260719281752432, 0.007614593960953966, 0.006921482766859192, 0.006544455131984123, 0.005994000092122569, 0.005907882972752697, 0.005319264579591478, 0.004009932312024334, 0.003874812914469359
0.5902076732950087, 0.058298087995258985, 0.05267373147732102, 0.03288192450018518, 0.02833247500092859, 0.027732483853955676, 0.02726869909745465, 0.022747162441249802, 0.02168351042228066, 0.021603603067661944, 0.018949887882512343, 0.017919507173683177, 0.015585759778118562, 0.013928484645527739, 0.013148255411738696, 0.01081925445682815, 0.009445275451378937, 0.009311342434021262, 0.0074628816148859965
0.34227786130300947, 0.3174403700738268, 0.035133301338984776, 0.03182113174922869, 0.028850140001319125, 0.028452018841570555, 0.025736313309555656, 0.0252979450915296, 0.02378061664083075, 0.023603966693299255, 0.019427811030883185, 0.01632589650423872, 0.015827855068926738, 0.014453490203173791, 0.012669559182834736, 0.010873112061302663, 0.010463149150506498, 0.00976196650447038, 0.0078034952505085945
0.5002274489465348, 0.1637779036465385, 0.05866274760833848, 0.03742081161897836, 0.036654261487771754, 0.033615218121967015, 0.022706594762269945, 0.01886411433886653, 0.018588114385646688, 0.017877748490865653, 0.01622860679009023, 0.014402089089658296, 0.014252108013479996, 0.009890762389699026, 0.00815819756194444, 0.00813125897285289, 0.007200959717405848, 0.006861668599551352, 0.006479385457540224
0.25024711538396954, 0.2404194105345137, 0.08198792161296606, 0.06438281537016557, 0.043332202006381056, 0.04254389648853873, 0.03817643982916007, 0.029607862627117072, 0.029504036848505378, 0.028064834528952604, 0.0225020754421084, 0.022360896685348745, 0.018550691584109977, 0.01654058645344476, 0.016366223856093372, 0.015294222781011769, 0.014722947598211612, 0.014008721775190407, 0.01138709859421118
0.15695282045095768, 0.0811512032907478, 0.07589034642907007, 0.0692756604951346, 0.06483782870669136, 0.06255893862878521, 0.05601987361108848, 0.05272394095938486, 0.048984084328075016, 0.047109361845633045, 0.042878546839361514, 0.04148177105583923, 0.04022002518608333, 0.03385452933294836, 0.03197534485453085, 0.02700608438762779, 0.024955115543038742, 0.023075351005144414, 0.019049173049857638
